1 10
2 11
3 111
4 1011
5 1101
6 10011
7 11001
8 11111
9 100101
10 101001
11 101111
12 110111
13 111011
14 111101
15 1000011
16 1001001
17 1010111
18 1011011
19 1100001
20 1100111
21 1101101
22 1110011
23 1110101
24 10000011
25 10001001
26 10001111
27 10010001
28 10011101
29 10100111
30 10101011
31 10111001
32 10111111
33 11000001
34 11001011
35 11010011
36 11010101
37 11100101
38 11101111
39 11110001
40 11110111
41 11111101
42 100011011
43 100011101
44 100101011
45 100101101
46 100111001
47 100111111
48 101001101
49 101011111
50 101100011
51 101100101
52 101101001
53 101110001
54 101110111
55 101111011
56 110000111
57 110001011
58 110001101
59 110011111
60 110100011
61 110101001
62 110110001
63 110111101
64 111000011
65 111001111
66 111010111
67 111011101
68 111100111
69 111110011
70 111110101
71 111111001
72 1000000011
73 1000010001
74 1000010111
75 1000011011
76 1000100001
77 1000101101
78 1000110011
79 1001001011
80 1001011001
81 1001011111
82 1001100101
83 1001101001
84 1001101111
85 1001110111
86 1001111101
87 1010000111
88 1010010101
89 1010011001
90 1010100011
91 1010100101
92 1010101111
93 1010110111
94 1010111101
95 1011001111
96 1011010001
97 1011011011
98 1011110101
99 1011111001
100 1100000001
101 1100010011
102 1100010101
103 1100011111
104 1100100011
105 1100110001
106 1100111011
107 1101001001
108 1101001111
109 1101011011
110 1101100001
111 1101101011
112 1101101101
113 1101110011
114 1101111111
115 1110000101
116 1110001111
117 1110100001
118 1110110101
119 1110111001
120 1111000111
121 1111001011
122 1111001101
123 1111010101
124 1111011001
125 1111100011
126 1111101001
127 1111111011
128 10000001001
129 10000001111
130 10000011011
131 10000011101
132 10000100111
133 10000101101
134 10000110101
135 10001000111
136 10001010011
137 10001100011
138 10001100101
139 10001101111
140 10010000001
141 10010001011
142 10010011001
143 10010101001
144 10010101111
145 10011000101
146 10011001001
147 10011010111
148 10011100111
149 10011101101
150 10011110011
151 10011111111
152 10100001011
153 10100001101
154 10100011001
155 10100011111
156 10100100011
157 10100110001
158 10100111101
159 10101000011
160 10101010111
161 10101100001
162 10101100111
163 10101101011
164 10110000101
165 10110001111
166 10110010111
167 10110011011
168 10110100001
169 10110101011
170 10110111001
171 10111000001
172 10111000111
173 10111100101
174 10111110111
175 10111111011
176 11000010011
177 11000010101
178 11000100011
179 11000100101
180 11000110001
181 11000110111
182 11001000011
183 11001001111
184 11001010001
185 11001011011
186 11001111001
187 11001111111
188 11010000101
189 11010001001
190 11010100111
191 11010101101
192 11010110101
193 11010111111
194 11011000001
195 11011001101
196 11011010011
197 11011011111
198 11011110111
199 11011111101
200 11100001111
201 11100010001
202 11100010111
203 11100011101
204 11100100001
205 11100101011
206 11100110101
207 11100111001
208 11101000111
209 11101001101
210 11101010101
211 11101011001
212 11101100011
213 11101111011
214 11101111101
215 11110000001
216 11110000111
217 11110001101
218 11110010011
219 11110101001
220 11110110001
221 11111000101
222 11111011011
223 11111101011
224 11111110011
225 11111111001
226 11111111111